13	3.236e-05	2.2318	4.8816	3.827	2.0596	0.072746	1.4593	0.020443	0.27393	0.077784	0.0060596	0.00010737	0.00060001	8.1463e-05	0	 <-Yields/Original-> 	0.75995	0.24002	3.236e-05	1.3014E-06	2.0472E-05	1.2673E-06	4.4310E-06	1.7209E-06	1.4462E-07	1.0896E-08	1.6726E-08	4.2440E-09	0
13	0.00032358	2.1079	4.8704	3.8104	2.2113	0.073171	1.4796	0.034078	0.30529	0.077946	0.0049489	0.00011339	0.00052001	0.00012363	0	 <-Yields/Original-> 	0.75966	0.24001	0.00032358	1.3014E-05	2.0472E-04	1.2673E-05	4.4310E-05	1.7209E-05	1.4462E-06	1.0896E-07	1.6726E-07	4.2440E-08	0
13	0.0032358	2.1318	4.7487	3.9162	2.2033	0.076397	1.2608	0.018536	0.31541	0.14353	0.04597	0.00029912	0.00085086	0.00016891	0	 <-Yields/Original-> 	0.74675	0.25002	0.0032358	1.3014E-04	2.0472E-03	1.2673E-04	4.4310E-04	1.7209E-04	1.4462E-05	1.0896E-06	1.6726E-06	4.2440E-07	0
13	0.013449	2.251	4.7318	3.9381	2.0791	0.088148	1.3143	0.022393	0.36899	0.10597	0.0068589	0.00048301	0.00094742	0.00031053	0	 <-Yields/Original-> 	0.72154	0.26501	0.013449	1.3016E-03	5.7706E-03	7.1276E-04	2.3799E-03	6.6960E-04	6.4609E-05	1.0898E-05	1.6728E-05	4.2445E-06	0
15	3.236e-05	2.1562	5.4521	4.4393	2.9524	0.073289	2.0125	0.013709	0.37505	0.1819	0.015529	0.00016891	0.00082041	0.00010423	0	 <-Yields/Original-> 	0.75995	0.24002	3.236e-05	1.3014E-06	2.0472E-05	1.2673E-06	4.4310E-06	1.7209E-06	1.4462E-07	1.0896E-08	1.6726E-08	4.2440E-09	0
15	0.00032358	2.2906	5.4811	4.3757	2.8526	0.074071	1.6631	0.017321	0.38829	0.19873	0.068871	0.00022139	0.00097217	7.1092e-05	0	 <-Yields/Original-> 	0.75966	0.24001	0.00032358	1.3014E-05	2.0472E-04	1.2673E-05	4.4310E-05	1.7209E-05	1.4462E-06	1.0896E-07	1.6726E-07	4.2440E-08	0
15	0.0032358	2.3948	5.2103	4.5016	2.8933	0.078009	1.911	0.040028	0.40699	0.11411	0.019568	0.00032791	0.00081784	0.00013953	0	 <-Yields/Original-> 	0.74675	0.25002	0.0032358	1.3014E-04	2.0472E-03	1.2673E-04	4.4310E-04	1.7209E-04	1.4462E-05	1.0896E-06	1.6726E-06	4.2440E-07	0
15	0.013449	2.3826	5.121	4.4668	3.0296	0.31925	1.9262	0.039666	0.36563	0.11747	0.0055135	0.0092327	0.0096614	0.00047852	0	 <-Yields/Original-> 	0.72154	0.26501	0.013449	1.3016E-03	5.7706E-03	7.1276E-04	2.3799E-03	6.6960E-04	6.4609E-05	1.0898E-05	1.6728E-05	4.2445E-06	0
20	3.236e-05	2.9052	7.1643	5.6465	4.284	0.072569	3.126	0.062132	0.54973	0.16378	0.009838	9.3684e-05	0.00082772	6.4525e-05	0	 <-Yields/Original-> 	0.75995	0.24002	3.236e-05	1.3014E-06	2.0472E-05	1.2673E-06	4.4310E-06	1.7209E-06	1.4462E-07	1.0896E-08	1.6726E-08	4.2440E-09	0
20	0.00032358	2.9673	6.9739	5.7147	4.3441	0.073735	3.106	0.05138	0.55819	0.2096	0.015328	0.00019037	0.00085319	0.00010478	0	 <-Yields/Original-> 	0.75966	0.24001	0.00032358	1.3014E-05	2.0472E-04	1.2673E-05	4.4310E-05	1.7209E-05	1.4462E-06	1.0896E-07	1.6726E-07	4.2440E-08	0
20	0.0032358	2.9727	6.2667	5.9709	4.7897	0.075826	3.3569	0.067328	0.59594	0.22443	0.011807	0.00020812	0.00081853	0.00016281	0	 <-Yields/Original-> 	0.74675	0.25002	0.0032358	1.3014E-04	2.0472E-03	1.2673E-04	4.4310E-04	1.7209E-04	1.4462E-05	1.0896E-06	1.6726E-06	4.2440E-07	0
20	0.013449	2.9312	6.2244	6.368	4.4764	0.095374	2.6181	0.061801	1.1145	0.23241	0.0091105	0.00054762	0.0010827	0.00070316	0	 <-Yields/Original-> 	0.72154	0.26501	0.013449	1.3016E-03	5.7706E-03	7.1276E-04	2.3799E-03	6.6960E-04	6.4609E-05	1.0898E-05	1.6728E-05	4.2445E-06	0
25	3.236e-05	3.1019	8.6127	6.8273	6.4581	0.072655	4.7052	0.11697	0.62311	0.20648	0.011616	6.5385e-05	0.00065753	8.0175e-05	0	 <-Yields/Original-> 	0.75995	0.24002	3.236e-05	1.3014E-06	2.0472E-05	1.2673E-06	4.4310E-06	1.7209E-06	1.4462E-07	1.0896E-08	1.6726E-08	4.2440E-09	0
25	0.00032358	3.138	8.715	6.6536	6.4934	0.073562	4.6395	0.13012	0.85559	0.22268	0.011283	0.00012879	0.00068681	0.0001086	0	 <-Yields/Original-> 	0.75966	0.24001	0.00032358	1.3014E-05	2.0472E-04	1.2673E-05	4.4310E-05	1.7209E-05	1.4462E-06	1.0896E-07	1.6726E-07	4.2440E-08	0
25	0.0032358	2.7804	7.8504	7.4252	6.944	0.076535	4.9064	0.14563	0.70529	0.21991	0.011801	0.00021795	0.00081818	0.00018021	0	 <-Yields/Original-> 	0.74675	0.25002	0.0032358	1.3014E-04	2.0472E-03	1.2673E-04	4.4310E-04	1.7209E-04	1.4462E-05	1.0896E-06	1.6726E-06	4.2440E-07	0
25	0.013449	2.8328	7.5858	8.2857	6.2957	0.10191	3.642	0.13517	1.4428	0.30714	0.011816	0.00069719	0.0014791	0.00081025	0	 <-Yields/Original-> 	0.72154	0.26501	0.013449	1.3016E-03	5.7706E-03	7.1276E-04	2.3799E-03	6.6960E-04	6.4609E-05	1.0898E-05	1.6728E-05	4.2445E-06	0
30	3.236e-05	27.6876	1.5916	0.72066	0.00016567	3.0093e-06	4.4238e-05	3.077e-06	1.0526e-05	4.1669e-06	3.3443e-07	2.5198e-08	3.8677e-08	9.8177e-09	0	 <-Yields/Original-> 	0.75995	0.24002	3.236e-05	1.3014E-06	2.0472E-05	1.2673E-06	4.4310E-06	1.7209E-06	1.4462E-07	1.0896E-08	1.6726E-08	4.2440E-09	0
30	0.00032358	26.7537	2.2019	1.0434	0.0010373	4.2248e-05	0.00038899	3.9273e-05	2.601e-05	5.6046e-05	4.6949e-06	3.5373e-07	5.4297e-07	1.3777e-07	0	 <-Yields/Original-> 	0.75966	0.24001	0.00032358	1.3014E-05	2.0472E-04	1.2673E-05	4.4310E-05	1.7209E-05	1.4462E-06	1.0896E-07	1.6726E-07	4.2440E-08	0
30	0.0032358	25.897	2.6426	1.4474	0.013027	0.00053396	0.0051958	0.00051073	0.00096393	0.00070615	5.9337e-05	4.4706e-06	6.8629e-06	1.7413e-06	0	 <-Yields/Original-> 	0.74675	0.25002	0.0032358	1.3014E-04	2.0472E-03	1.2673E-04	4.4310E-04	1.7209E-04	1.4462E-05	1.0896E-06	1.6726E-06	4.2440E-07	0
30	0.013449	11.2364	8.6081	9.5396	0.61589	0.024417	0.10451	0.013253	0.30849	0.012566	0.0012109	0.00021096	0.00031382	8.357e-05	0	 <-Yields/Original-> 	0.72154	0.26501	0.013449	1.3016E-03	5.7706E-03	7.1276E-04	2.3799E-03	6.6960E-04	6.4609E-05	1.0898E-05	1.6728E-05	4.2445E-06	0
40	3.236e-05	24.6029	11.064	4.3326	0.00049602	2.0037e-05	0.00021242	2.0374e-05	8.5192e-06	2.7174e-05	2.2267e-06	1.6777e-07	2.5752e-07	6.5345e-08	0	 <-Yields/Original-> 	0.75995	0.24002	3.236e-05	1.3014E-06	2.0472E-05	1.2673E-06	4.4310E-06	1.7209E-06	1.4462E-07	1.0896E-08	1.6726E-08	4.2440E-09	0
40	0.00032358	21.8267	11.919	6.2164	0.03794	0.00023648	0.0073175	0.00022017	0.012174	0.00031445	2.6274e-05	1.9879e-06	3.0393e-06	7.8581e-07	0	 <-Yields/Original-> 	0.75966	0.24001	0.00032358	1.3014E-05	2.0472E-04	1.2673E-05	4.4310E-05	1.7209E-05	1.4462E-06	1.0896E-07	1.6726E-07	4.2440E-08	0
40	0.0032358	21.3152	11.03	7.5963	0.058522	0.0024316	0.013321	0.0022992	0.0014792	0.0032161	0.00027023	2.036e-05	3.1252e-05	7.9299e-06	0	 <-Yields/Original-> 	0.74675	0.25002	0.0032358	1.3014E-04	2.0472E-03	1.2673E-04	4.4310E-04	1.7209E-04	1.4462E-05	1.0896E-06	1.6726E-06	4.2440E-07	0
40	0.013449	13.7372	11.414	13.905	0.94375	0.03417	0.13803	0.018523	0.50635	0.01759	0.0016942	0.00029853	0.00043921	0.00011904	0	 <-Yields/Original-> 	0.72154	0.26501	0.013449	1.3016E-03	5.7706E-03	7.1276E-04	2.3799E-03	6.6960E-04	6.4609E-05	1.0898E-05	1.6728E-05	4.2445E-06	0
60	3.236e-05	41.9351	13.083	4.9813	0.00058097	2.3509e-05	0.00024387	2.3122e-05	1.3281e-05	3.2518e-05	2.6125e-06	1.9683e-07	3.0216e-07	7.6667e-08	0	 <-Yields/Original-> 	0.75995	0.24002	3.236e-05	1.3014E-06	2.0472E-05	1.2673E-06	4.4310E-06	1.7209E-06	1.4462E-07	1.0896E-08	1.6726E-08	4.2440E-09	0
60	0.00032358	36.0098	15.197	8.6968	0.096368	0.00031214	0.026609	0.0002913	0.039661	0.00041648	3.4673e-05	2.6276e-06	4.012e-06	1.0629e-06	0	 <-Yields/Original-> 	0.75966	0.24001	0.00032358	1.3014E-05	2.0472E-04	1.2673E-05	4.4310E-05	1.7209E-05	1.4462E-06	1.0896E-07	1.6726E-07	4.2440E-08	0
60	0.0032358	26.399	15.702	16.655	1.244	0.0043669	0.15958	0.0040029	1.0009	0.0057936	0.00048218	4.0651e-05	5.614e-05	1.897e-05	0	 <-Yields/Original-> 	0.74675	0.25002	0.0032358	1.3014E-04	2.0472E-03	1.2673E-04	4.4310E-04	1.7209E-04	1.4462E-05	1.0896E-06	1.6726E-06	4.2440E-07	0
60	0.013449	19.2682	16.706	22.196	1.8298	0.052984	0.22879	0.028675	1.1242	0.027286	0.0026242	0.00047782	0.00068102	0.00019455	0	 <-Yields/Original-> 	0.72154	0.26501	0.013449	1.3016E-03	5.7706E-03	7.1276E-04	2.3799E-03	6.6960E-04	6.4609E-05	1.0898E-05	1.6728E-05	4.2445E-06	0
80	3.236e-05	53.7117	18.75	7.5375	0.00083926	3.4211e-05	0.00030154	3.2882e-05	2.1439e-05	4.9294e-05	3.8017e-06	2.8643e-07	4.3967e-07	1.1157e-07	0	 <-Yields/Original-> 	0.75995	0.24002	3.236e-05	1.3014E-06	2.0472E-05	1.2673E-06	4.4310E-06	1.7209E-06	1.4462E-07	1.0896E-08	1.6726E-08	4.2440E-09	0
80	0.00032358	48.4579	18.996	12.307	0.23913	0.0004102	0.070436	0.00038492	0.12296	0.00055043	4.5558e-05	3.461e-06	5.2737e-06	1.4955e-06	0	 <-Yields/Original-> 	0.75966	0.24001	0.00032358	1.3014E-05	2.0472E-04	1.2673E-05	4.4310E-05	1.7209E-05	1.4462E-06	1.0896E-07	1.6726E-07	4.2440E-08	0
80	0.0032358	37.6102	18.895	21.211	2.2838	0.005504	0.34118	0.0051051	1.8346	0.0073169	0.00060598	5.2769e-05	7.0774e-05	2.7954e-05	0	 <-Yields/Original-> 	0.74675	0.25002	0.0032358	1.3014E-04	2.0472E-03	1.2673E-04	4.4310E-04	1.7209E-04	1.4462E-05	1.0896E-06	1.6726E-06	4.2440E-07	0
80	0.013449	24.7578	21.919	30.582	2.7412	0.071837	0.35042	0.038959	1.7249	0.037019	0.0035514	0.00066667	0.00092343	0.00028261	0	 <-Yields/Original-> 	0.72154	0.26501	0.013449	1.3016E-03	5.7706E-03	7.1276E-04	2.3799E-03	6.6960E-04	6.4609E-05	1.0898E-05	1.6728E-05	4.2445E-06	0
120	3.236e-05	74.7969	25.214	19.987	0.0021006	5.8827e-05	0.00032975	3.3181e-05	5.075e-05	0.00013307	6.5373e-06	4.9253e-07	7.5604e-07	1.9199e-07	0	 <-Yields/Original-> 	0.75995	0.24002	3.236e-05	1.3014E-06	2.0472E-05	1.2673E-06	4.4310E-06	1.7209E-06	1.4462E-07	1.0896E-08	1.6726E-08	4.2440E-09	0
120	0.00032358	72.2952	23.021	23.843	0.84083	0.00061841	0.24065	0.00059665	0.5337	0.00085278	6.8752e-05	5.2047e-06	7.9621e-06	3.0074e-06	0	 <-Yields/Original-> 	0.75966	0.24001	0.00032358	1.3014E-05	2.0472E-04	1.2673E-05	4.4310E-05	1.7209E-05	1.4462E-06	1.0896E-07	1.6726E-07	4.2440E-08	0
120	0.0032358	42.7077	25.102	49.782	2.4083	0.010045	0.29008	0.0088206	1.9163	0.013344	0.0011086	9.2589e-05	0.00012913	4.472e-05	0	 <-Yields/Original-> 	0.74675	0.25002	0.0032358	1.3014E-04	2.0472E-03	1.2673E-04	4.4310E-04	1.7209E-04	1.4462E-05	1.0896E-06	1.6726E-06	4.2440E-07	0
120	0.013449	26.536	32.28	57.679	3.505	0.12155	0.34581	0.064902	2.0376	0.062634	0.0060128	0.0011159	0.0015625	0.00046411	0	 <-Yields/Original-> 	0.72154	0.26501	0.013449	1.3016E-03	5.7706E-03	7.1276E-04	2.3799E-03	6.6960E-04	6.4609E-05	1.0898E-05	1.6728E-05	4.2445E-06	0
