 1.68 0.837 2.964E-01 -4.920E-03  5.905E-04 4.312E-03 -3.231E-05 1.195E-05 2.479E-05 -1.512E-07 -2.372E-08 1.435E-09 -3.295E-08 4.216E-06
 1.68 0.868 3.121E-01 -5.044E-03  6.444E-04 4.402E-03 -3.774E-05 1.168E-05 3.120E-05 -1.549E-07 -2.497E-08 1.876E-09 -4.400E-08 4.927E-06
 1.68 0.934 3.987E-01 -6.684E-03  8.036E-04 5.888E-03 -5.188E-05 1.440E-05 4.480E-05 -2.105E-07 -3.189E-08 4.914E-09 -8.389E-08 6.989E-06
 1.68 1.005 4.600E-01 -7.748E-03  8.049E-04 6.997E-03 -7.791E-05 2.104E-05 6.883E-05 -2.866E-07 -3.680E-08 1.015E-08 -1.421E-07 1.152E-05
 1.68 1.082 5.368E-01 -8.912E-03  7.924E-04 8.125E-03 -1.271E-04 2.648E-05 1.199E-04 -3.908E-07 -4.294E-08 2.558E-08 -2.573E-07 1.862E-05
 1.68 1.163 6.058E-01 -9.950E-03  6.330E-04 9.328E-03 -2.431E-04 3.574E-05 2.461E-04 -5.973E-07 -4.847E-08 1.017E-07 -6.674E-07 3.749E-05
 1.68 1.248 6.875E-01 -1.108E-02  7.048E-04 1.039E-02 -2.801E-04 4.077E-05 2.841E-04 -6.865E-07 -5.500E-08 1.322E-07 -7.874E-07 4.332E-05
 1.68 1.334 7.660E-01 -9.562E-03  6.023E-04 8.999E-03 -3.757E-04 4.808E-05 3.883E-04 -8.854E-07 -6.128E-08 3.751E-07 -1.247E-06 5.891E-05
 1.68 1.420 8.352E-01 -1.043E-02  6.470E-04 9.831E-03 -4.213E-04 5.277E-05 4.366E-04 -9.843E-07 -1.868E-07 4.622E-07 -1.418E-06 6.588E-05
 1.68 1.504 9.211E-01 -2.083E-02  6.249E-04 1.721E-02  2.423E-03 5.819E-05 5.650E-04 -1.249E-06  1.470E-04 8.797E-07 -2.303E-06 3.190E-03
 1.68 1.588 1.008E+00 -3.060E-02  5.831E-04 2.451E-02  4.643E-03 6.975E-05 8.031E-04 -1.618E-06  2.685E-04 2.460E-06 -3.455E-06 5.782E-03
 1.68 1.672 1.080E+00 -3.862E-02  4.707E-04 3.025E-02  6.636E-03 7.264E-05 1.026E-03 -1.899E-06  3.102E-04 2.531E-05 -4.548E-06 8.064E-03
 1.68 1.756 1.161E+00 -4.737E-02  4.995E-04 3.675E-02  9.013E-03 7.708E-05 1.091E-03 -2.060E-06  4.251E-04 2.761E-05 -5.051E-06 1.063E-02
 1.68 1.839 1.224E+00 -5.690E-02  4.570E-04 4.386E-02  1.122E-02 7.890E-05 1.228E-03 -2.225E-06  4.649E-04 3.983E-05 -5.724E-06 1.303E-02
 1.68 1.923 1.307E+00 -6.735E-02  5.081E-04 5.223E-02  1.343E-02 8.344E-05 1.405E-03 -2.425E-06  4.757E-04 5.335E-05 -6.410E-06 1.543E-02
 1.68 2.000 1.373E+00 -7.811E-02  3.968E-04 6.002E-02  1.600E-02 8.822E-05 1.533E-03 -2.602E-06  5.288E-04 5.884E-05 -7.019E-06 1.820E-02
 1.68 2.200 1.549E+00 -1.035E-01  3.519E-04 8.037E-02  2.070E-02 9.817E-05 1.966E-03 -3.020E-06  4.966E-04 7.316E-05 -8.478E-06 2.332E-02
 1.68 2.500 1.815E+00 -1.383E-01  3.009E-04 1.078E-01  2.740E-02 1.124E-04 2.561E-03 -3.638E-06  5.008E-04 7.367E-05 -1.058E-05 3.064E-02
 1.68 3.000 2.214E+00 -1.800E-01  2.341E-04 1.401E-01  3.613E-02 1.376E-04 3.362E-03 -4.570E-06  5.768E-04 5.558E-05 -1.343E-05 4.024E-02
 1.68 3.500 2.657E+00 -1.681E-01  2.022E-04 1.358E-01  2.816E-02 1.784E-04 4.241E-03 -5.346E-06 -1.735E-04 4.764E-05 -1.476E-05 3.244E-02
 1.68 4.000 3.098E+00 -1.514E-01  1.769E-04 1.315E-01  1.622E-02 2.258E-04 5.253E-03 -6.181E-06 -1.212E-03 4.033E-05 -1.585E-05 2.050E-02
 1.68 4.500 3.542E+00 -1.975E-01  1.427E-04 1.828E-01  1.065E-02 3.213E-04 6.904E-03 -1.257E-05 -2.487E-03 3.479E-05 -1.897E-05 1.539E-02
 1.68 5.000 4.003E+00 -3.028E-01 -2.244E-05 2.866E-01  4.127E-03 3.735E-03 1.327E-02 -1.534E-05 -3.970E-03 5.898E-05 -8.141E-05 1.712E-02
 2.00 3.500 2.590E+00 -2.091E-01  1.895E-04 1.628E-01  4.194E-02 1.702E-04 3.950E-03 -5.483E-06  5.987E-04 4.491E-05 -1.545E-05 4.668E-02
 2.00 4.000 3.032E+00 -1.915E-01  4.442E-05 1.574E-01  2.363E-02 4.839E-03 6.971E-03 -1.161E-05 -4.628E-04 4.568E-05 -4.804E-05 3.496E-02
 2.00 4.500 3.512E+00 -2.213E-01 -8.370E-05 1.961E-01 -5.882E-03 1.335E-03 3.291E-02 -1.283E-05 -2.275E-03 2.227E-04 -7.223E-05 2.623E-02
 2.00 5.000 3.987E+00 -3.196E-01 -1.149E-04 2.968E-01 -9.665E-03 4.570E-04 3.683E-02 -1.463E-05 -4.890E-03 1.118E-03 -8.209E-05 2.376E-02
 2.50 3.500 2.530E+00 -2.449E-01 -1.387E-05 1.847E-01  3.151E-02 1.091E-02 1.733E-02 -9.419E-06  1.210E-03 5.953E-05 -5.055E-05 6.096E-02
 2.50 4.000 3.016E+00 -2.121E-01 -8.480E-05 1.686E-01 -6.513E-03 6.709E-04 5.069E-02 -1.038E-05 -8.613E-04 6.273E-04 -6.208E-05 4.454E-02
 2.50 4.500 3.504E+00 -2.390E-01 -1.023E-04 2.107E-01 -8.875E-03 4.439E-04 4.007E-02 -1.267E-05 -4.329E-03 1.976E-03 -7.214E-05 2.920E-02
 2.50 5.000 3.980E+00 -3.336E-01 -1.162E-04 3.103E-01 -1.047E-02 4.253E-04 3.915E-02 -1.459E-05 -7.885E-03 3.068E-03 -8.190E-05 2.419E-02
