13	3.236e-05	1.6054	6.2299	4.4521	0.71259	0.073157	0.29054	0.013093	0.16522	0.091765	0.0088868	0.00043049	0.0016694	5.5368e-05	0	 <-Yields/Original-> 	0.75995	0.24002	3.236e-05	1.3014E-06	2.0472E-05	1.2673E-06	4.4310E-06	1.7209E-06	1.4462E-07	1.0896E-08	1.6726E-08	4.2440E-09	0
13	0.00032358	1.6117	6.2472	4.4494	0.69167	0.073543	0.27361	0.011542	0.15713	0.093948	0.0089776	0.00051252	0.0018319	5.1899e-05	0	 <-Yields/Original-> 	0.75966	0.24001	0.00032358	1.3014E-05	2.0472E-04	1.2673E-05	4.4310E-05	1.7209E-05	1.4462E-06	1.0896E-07	1.6726E-07	4.2440E-08	0
13	0.0032358	1.5293	6.2061	4.5714	0.69321	0.075376	0.28032	0.022272	0.13442	0.070925	0.0053698	0.00034047	0.00099887	0.00011909	0	 <-Yields/Original-> 	0.74675	0.25002	0.0032358	1.3014E-04	2.0472E-03	1.2673E-04	4.4310E-04	1.7209E-04	1.4462E-05	1.0896E-06	1.6726E-06	4.2440E-07	0
13	0.013449	1.515	6.1592	4.6412	0.68461	0.090877	0.24712	0.021835	0.11473	0.07438	0.005186	0.00058223	0.0010826	0.00024734	0	 <-Yields/Original-> 	0.72154	0.26501	0.013449	1.3016E-03	5.7706E-03	7.1276E-04	2.3799E-03	6.6960E-04	6.4609E-05	1.0898E-05	1.6728E-05	4.2445E-06	0
15	3.236e-05	1.8023	6.9792	4.6291	1.5894	0.073194	0.81045	0.018555	0.2724	0.18212	0.03419	0.00064378	0.0033045	1.0182e-05	0	 <-Yields/Original-> 	0.75995	0.24002	3.236e-05	1.3014E-06	2.0472E-05	1.2673E-06	4.4310E-06	1.7209E-06	1.4462E-07	1.0896E-08	1.6726E-08	4.2440E-09	0
15	0.00032358	1.649	7.0146	5.1383	1.1981	0.074044	0.55928	0.026449	0.26342	0.13541	0.011528	0.00058286	0.0020029	4.092e-05	0	 <-Yields/Original-> 	0.75966	0.24001	0.00032358	1.3014E-05	2.0472E-04	1.2673E-05	4.4310E-05	1.7209E-05	1.4462E-06	1.0896E-07	1.6726E-07	4.2440E-08	0
15	0.0032358	1.6888	6.9368	4.7436	1.6308	0.079384	0.86024	0.032687	0.25935	0.17249	0.014073	0.0010067	0.0025527	5.4716e-05	0	 <-Yields/Original-> 	0.74675	0.25002	0.0032358	1.3014E-04	2.0472E-03	1.2673E-04	4.4310E-04	1.7209E-04	1.4462E-05	1.0896E-06	1.6726E-06	4.2440E-07	0
15	0.013449	1.6263	6.8845	5.1266	1.3626	0.097162	0.58599	0.047188	0.22174	0.13486	0.0089319	0.0011074	0.0018222	0.00026984	0	 <-Yields/Original-> 	0.72154	0.26501	0.013449	1.3016E-03	5.7706E-03	7.1276E-04	2.3799E-03	6.6960E-04	6.4609E-05	1.0898E-05	1.6728E-05	4.2445E-06	0
20	3.236e-05	1.7955	8.7877	6.6704	2.7464	0.074655	1.4192	0.097711	0.41468	0.14579	0.013308	0.00079465	0.0027263	2.0388e-05	0	 <-Yields/Original-> 	0.75995	0.24002	3.236e-05	1.3014E-06	2.0472E-05	1.2673E-06	4.4310E-06	1.7209E-06	1.4462E-07	1.0896E-08	1.6726E-08	4.2440E-09	0
20	0.00032358	1.7619	8.7996	6.7652	2.6733	0.075063	1.3627	0.11126	0.4053	0.15304	0.010765	0.00076478	0.0024636	2.8447e-05	0	 <-Yields/Original-> 	0.75966	0.24001	0.00032358	1.3014E-05	2.0472E-04	1.2673E-05	4.4310E-05	1.7209E-05	1.4462E-06	1.0896E-07	1.6726E-07	4.2440E-08	0
20	0.0032358	1.7361	8.6646	6.9033	2.696	0.079476	1.3366	0.1197	0.40535	0.16422	0.009771	0.00086352	0.0021565	8.6811e-05	0	 <-Yields/Original-> 	0.74675	0.25002	0.0032358	1.3014E-04	2.0472E-03	1.2673E-04	4.4310E-04	1.7209E-04	1.4462E-05	1.0896E-06	1.6726E-06	4.2440E-07	0
20	0.013449	1.6152	8.5593	7.1699	2.6556	0.10457	1.2565	0.13051	0.41045	0.17383	0.0095955	0.0012509	0.0020234	0.00050699	0	 <-Yields/Original-> 	0.72154	0.26501	0.013449	1.3016E-03	5.7706E-03	7.1276E-04	2.3799E-03	6.6960E-04	6.4609E-05	1.0898E-05	1.6728E-05	4.2445E-06	0
25	3.236e-05	2.1497	10.396	8.0608	4.3935	0.071515	2.615	0.11985	0.57206	0.18404	0.019535	0.00028812	0.0023775	1.1978e-05	0	 <-Yields/Original-> 	0.75995	0.24002	3.236e-05	1.3014E-06	2.0472E-05	1.2673E-06	4.4310E-06	1.7209E-06	1.4462E-07	1.0896E-08	1.6726E-08	4.2440E-09	0
25	0.00032358	2.0084	10.439	8.3285	4.2241	0.072638	2.3759	0.11554	0.64497	0.14556	0.014828	0.00046723	0.0024524	2.9438e-05	0	 <-Yields/Original-> 	0.75966	0.24001	0.00032358	1.3014E-05	2.0472E-04	1.2673E-05	4.4310E-05	1.7209E-05	1.4462E-06	1.0896E-07	1.6726E-07	4.2440E-08	0
25	0.0032358	2.4781	10.145	7.7455	4.6314	0.080524	2.7062	0.092472	0.68663	0.33053	0.029645	0.001396	0.0044505	5.8144e-05	0	 <-Yields/Original-> 	0.74675	0.25002	0.0032358	1.3014E-04	2.0472E-03	1.2673E-04	4.4310E-04	1.7209E-04	1.4462E-05	1.0896E-06	1.6726E-06	4.2440E-07	0
25	0.013449	1.8746	10.135	8.3323	4.6581	0.10869	2.4772	0.16	0.62071	0.1777	0.012471	0.0015335	0.0029109	0.00086934	0	 <-Yields/Original-> 	0.72154	0.26501	0.013449	1.3016E-03	5.7706E-03	7.1276E-04	2.3799E-03	6.6960E-04	6.4609E-05	1.0898E-05	1.6728E-05	4.2445E-06	0
30	3.236e-05	2.2917	11.872	9.6967	6.1396	0.072027	3.7582	0.14793	0.82879	0.23923	0.026297	0.000586	0.0037027	5.7681e-07	0	 <-Yields/Original-> 	0.75995	0.24002	3.236e-05	1.3014E-06	2.0472E-05	1.2673E-06	4.4310E-06	1.7209E-06	1.4462E-07	1.0896E-08	1.6726E-08	4.2440E-09	0
30	0.00032358	2.3015	11.796	10.811	5.0915	0.073606	2.9372	0.11216	0.86167	0.26001	0.023892	0.00083166	0.0041997	6.628e-06	0	 <-Yields/Original-> 	0.75966	0.24001	0.00032358	1.3014E-05	2.0472E-04	1.2673E-05	4.4310E-05	1.7209E-05	1.4462E-06	1.0896E-07	1.6726E-07	4.2440E-08	0
30	0.0032358	2.5226	11.461	10.894	5.1224	0.081103	2.9381	0.096746	0.89539	0.34992	0.03187	0.001397	0.0045202	5.9772e-05	0	 <-Yields/Original-> 	0.74675	0.25002	0.0032358	1.3014E-04	2.0472E-03	1.2673E-04	4.4310E-04	1.7209E-04	1.4462E-05	1.0896E-06	1.6726E-06	4.2440E-07	0
30	0.013449	2.6565	11.576	10.039	5.7285	0.12215	3.2273	0.13584	0.8072	0.4288	0.033373	0.0026508	0.0052116	0.00079054	0	 <-Yields/Original-> 	0.72154	0.26501	0.013449	1.3016E-03	5.7706E-03	7.1276E-04	2.3799E-03	6.6960E-04	6.4609E-05	1.0898E-05	1.6728E-05	4.2445E-06	0
40	3.236e-05	3.0938	14.546	12.824	9.5362	0.072269	6.4905	0.15326	1.2214	0.45696	0.048846	0.0006224	0.0044788	9.8296e-07	0	 <-Yields/Original-> 	0.75995	0.24002	3.236e-05	1.3014E-06	2.0472E-05	1.2673E-06	4.4310E-06	1.7209E-06	1.4462E-07	1.0896E-08	1.6726E-08	4.2440E-09	0
40	0.00032358	2.7854	14.503	13.811	8.9006	0.072368	5.8018	0.18975	1.1641	0.37179	0.040095	0.00053264	0.0041507	1.3709e-05	0	 <-Yields/Original-> 	0.75966	0.24001	0.00032358	1.3014E-05	2.0472E-04	1.2673E-05	4.4310E-05	1.7209E-05	1.4462E-06	1.0896E-07	1.6726E-07	4.2440E-08	0
40	0.0032358	2.6532	13.988	14.505	8.8538	0.079178	5.59	0.19697	1.2216	0.35161	0.034249	0.001043	0.0041478	8.2375e-05	0	 <-Yields/Original-> 	0.74675	0.25002	0.0032358	1.3014E-04	2.0472E-03	1.2673E-04	4.4310E-04	1.7209E-04	1.4462E-05	1.0896E-06	1.6726E-06	4.2440E-07	0
40	0.013449	2.6562	14.539	13.402	9.4028	0.12503	5.7599	0.25807	1.1542	0.38493	0.031472	0.0021634	0.0048049	0.0013275	0	 <-Yields/Original-> 	0.72154	0.26501	0.013449	1.3016E-03	5.7706E-03	7.1276E-04	2.3799E-03	6.6960E-04	6.4609E-05	1.0898E-05	1.6728E-05	4.2445E-06	0
60	3.236e-05	4.6191	19.728	17.844	17.8089	0.074873	13.239	0.23802	2.1806	0.81083	0.093341	0.00091138	0.0043678	3.3915e-06	0	 <-Yields/Original-> 	0.75995	0.24002	3.236e-05	1.3014E-06	2.0472E-05	1.2673E-06	4.4310E-06	1.7209E-06	1.4462E-07	1.0896E-08	1.6726E-08	4.2440E-09	0
60	0.00032358	4.4102	18.771	20.515	16.3038	0.07608	11.761	0.20427	2.1574	0.78579	0.087609	0.001048	0.0044255	2.557e-05	0	 <-Yields/Original-> 	0.75966	0.24001	0.00032358	1.3014E-05	2.0472E-04	1.2673E-05	4.4310E-05	1.7209E-05	1.4462E-06	1.0896E-07	1.6726E-07	4.2440E-08	0
60	0.0032358	4.485	18.787	20.782	15.946	0.08896	11.341	0.20018	2.1182	0.85125	0.086341	0.0018319	0.0047509	0.00010936	0	 <-Yields/Original-> 	0.74675	0.25002	0.0032358	1.3014E-04	2.0472E-03	1.2673E-04	4.4310E-04	1.7209E-04	1.4462E-05	1.0896E-06	1.6726E-06	4.2440E-07	0
60	0.013449	3.2236	20.463	22.505	13.8084	0.15527	7.8522	0.28062	3.0296	0.61373	0.048975	0.0031308	0.006037	0.0018294	0	 <-Yields/Original-> 	0.72154	0.26501	0.013449	1.3016E-03	5.7706E-03	7.1276E-04	2.3799E-03	6.6960E-04	6.4609E-05	1.0898E-05	1.6728E-05	4.2445E-06	0
80	3.236e-05	6.0224	24.168	25.152	24.6576	0.075761	18.918	0.29686	2.8539	1.0537	0.12439	0.0009285	0.0041375	4.7953e-06	0	 <-Yields/Original-> 	0.75995	0.24002	3.236e-05	1.3014E-06	2.0472E-05	1.2673E-06	4.4310E-06	1.7209E-06	1.4462E-07	1.0896E-08	1.6726E-08	4.2440E-09	0
80	0.00032358	5.8413	23.288	26.744	24.1267	0.078412	18.315	0.29082	2.8715	1.062	0.12236	0.0011386	0.0042656	4.6444e-05	0	 <-Yields/Original-> 	0.75966	0.24001	0.00032358	1.3014E-05	2.0472E-04	1.2673E-05	4.4310E-05	1.7209E-05	1.4462E-06	1.0896E-07	1.6726E-07	4.2440E-08	0
80	0.0032358	6.9544	23.159	24.932	24.9546	0.098287	18.923	0.36676	2.4345	1.3164	0.12742	0.0021042	0.0047989	0.00024082	0	 <-Yields/Original-> 	0.74675	0.25002	0.0032358	1.3014E-04	2.0472E-03	1.2673E-04	4.4310E-04	1.7209E-04	1.4462E-05	1.0896E-06	1.6726E-06	4.2440E-07	0
80	0.013449	4.2508	25.22	31.158	19.3712	0.18728	11.314	0.38167	4.2791	0.94059	0.077381	0.0040426	0.0067089	0.0018931	0	 <-Yields/Original-> 	0.72154	0.26501	0.013449	1.3016E-03	5.7706E-03	7.1276E-04	2.3799E-03	6.6960E-04	6.4609E-05	1.0898E-05	1.6728E-05	4.2445E-06	0
120	3.236e-05	2.1702	32.128	37.793	47.9088	0.072325	39.551	0.49246	4.5242	0.54025	0.076932	0.00053991	0.004368	4.1779e-06	0	 <-Yields/Original-> 	0.75995	0.24002	3.236e-05	1.3014E-06	2.0472E-05	1.2673E-06	4.4310E-06	1.7209E-06	1.4462E-07	1.0896E-08	1.6726E-08	4.2440E-09	0
120	0.00032358	4.2583	31.129	37.546	47.0667	0.080988	37.755	0.93018	3.4599	1.4363	0.14921	0.0011868	0.0043268	8.1245e-05	0	 <-Yields/Original-> 	0.75966	0.24001	0.00032358	1.3014E-05	2.0472E-04	1.2673E-05	4.4310E-05	1.7209E-05	1.4462E-06	1.0896E-07	1.6726E-07	4.2440E-08	0
120	0.0032358	5.7349	31.623	37.736	44.9061	0.11036	31.55	1.6065	5.2716	1.7993	0.15872	0.0024821	0.0052318	0.00024504	0	 <-Yields/Original-> 	0.74675	0.25002	0.0032358	1.3014E-04	2.0472E-03	1.2673E-04	4.4310E-04	1.7209E-04	1.4462E-05	1.0896E-06	1.6726E-06	4.2440E-07	0
120	0.013449	4.7278	36.732	52.988	25.5522	0.24672	14.823	0.64358	5.9765	1.231	0.089685	0.0049574	0.007725	0.0022064	0	 <-Yields/Original-> 	0.72154	0.26501	0.013449	1.3016E-03	5.7706E-03	7.1276E-04	2.3799E-03	6.6960E-04	6.4609E-05	1.0898E-05	1.6728E-05	4.2445E-06	0
